symbol,entry_time_ms,entry_price,old_outcome,old_net_pct,rule_outcome,rule_exit_time,rule_exit_price,rule_net_pct,rule_peak_pct,rule_hours_held,rule_reached_by_end,hyb_outcome,hyb_net_pct,hyb_exit_time,hyb_peak_pct,hyb_reached_target,hyb_hours_held,oldr_net_pct,oldr_outcome,oldr_hours_held
ORCLBUSDT,1791212399999,144.43,stop,-1.821479,loss,1791226800000,142.54,-1.5086,0.0069,5,False,loss,-1.8215,1791370800000,1.6963,False,45,-1.9794,stop,45
ZILUSDT,1791205199999,0.003614,target,1.8,loss,1791284400000,0.0036,-0.5874,2.0476,23,False,loss,-0.5874,1791284400000,2.0476,True,23,1.8,target,19
USDEUSDT,1791212399999,1.0001,stop,-0.222567,loss,1791216000000,1.0,-0.21,0.03,2,False,loss,-0.2226,1791331200000,0.03,False,34,-0.23,stop,34
LITEBUSDT,1791215999999,1089.14,target,1.8,win,1791291600000,1100.34,0.8283,2.7949,22,False,win,2.7941,1791352800000,4.4466,True,39,1.8,target,22
HYPEUSDT,1791219599999,93.59,stop,-1.973422,loss,1791255600000,93.36,-0.4458,1.7737,11,False,loss,-1.9734,1791302400000,1.7737,False,24,-2.1874,stop,24
CELOUSDT,1791219599999,0.10487,stop,-2.483316,loss,1791248400000,0.10336,-1.6399,1.3731,9,False,loss,-2.4833,1791313200000,1.3731,False,27,-2.5648,stop,27
SOLUSDT,1791226799999,120.1,stop,-1.299439,loss,1791252000000,120.2,-0.1167,1.2406,8,False,loss,-1.2994,1791338400000,1.582,False,32,-1.6988,stop,32
KGSTUSDT,1791219599999,0.011426,stop,-1.335198,loss,1791230400000,0.011341,-0.9439,0.0,4,False,loss,-1.3352,1791306000000,0.0,False,25,-1.4078,stop,25
币安人生USDT,1791219599999,0.5097,stop,-1.870926,loss,1791248400000,0.5057,-0.9848,0.8436,9,False,loss,-1.8709,1791266400000,0.8436,False,14,-1.9069,stop,14
LINEAUSDT,1791226799999,0.002877,stop,-1.612511,loss,1791252000000,0.002855,-0.9647,1.4251,8,False,loss,-1.6125,1791334800000,1.4251,False,31,-4.0929,stop,31
PENDLEUSDT,1791223199999,2.454,stop,-2.087436,loss,1791262800000,2.439,-0.8112,1.6707,12,False,loss,-2.0874,1791302400000,1.6707,False,23,-2.2782,stop,23
AVGOBUSDT,1791212399999,361.88,target,1.8,win,1791313200000,375.77,3.6383,5.2089,29,False,win,3.6383,1791313200000,5.2089,True,29,1.8,target,23
WBTCUSDT,1791226799999,85623.18,stop,-1.02994,loss,1791266400000,85303.76,-0.5731,0.547,12,False,loss,-1.0299,1791334800000,1.1974,False,31,-1.6694,stop,31
METABUSDT,1791237599999,742.66,stop,-0.463391,win,1791280800000,745.44,0.1743,0.8833,13,False,loss,-0.4634,1791291600000,0.8833,False,16,-0.6861,stop,16
WDCBUSDT,1791237599999,440.37,stop,-1.01508,loss,1791273600000,435.45,-1.3172,0.3974,11,False,loss,-1.0151,1791273600000,0.3974,False,11,-1.3172,stop,11
JUPUSDT,1791251999999,0.3482,stop,-1.046846,loss,1791291600000,0.34,-2.555,0.8041,12,False,loss,-1.0468,1791288000000,0.8041,False,11,-1.2626,stop,11
SKYUSDT,1791255599999,0.08791,target,1.8,loss,1791298800000,0.0875,-0.6664,3.3102,13,False,loss,-0.6664,1791298800000,3.3102,True,13,1.8,target,8
BATUSDT,1791237599999,0.106,stop,-2.444558,loss,1791255600000,0.1045,-1.6151,1.8868,6,False,loss,-2.4446,1791295200000,1.8868,False,17,-2.6528,stop,17
NIGHTUSDT,1791259199999,0.05032,stop,-2.464993,loss,1791298800000,0.04858,-3.6579,1.1526,12,False,loss,-2.465,1791298800000,1.1526,False,12,-3.6579,stop,12
ATOMUSDT,1791262799999,1.813,stop,-1.718003,loss,1791291600000,1.789,-1.5238,0.717,9,False,loss,-1.718,1791298800000,0.717,False,11,-1.7444,stop,11
0GUSDT,1791262799999,0.3056,target,1.8,win,1791302400000,0.3169,3.4976,6.8717,12,False,win,3.4976,1791302400000,6.8717,True,12,1.8,target,6
MRNABUSDT,1791259199999,204.4,stop,-1.371123,loss,1791284400000,202.48,-1.1393,1.6487,8,False,loss,-1.3711,1791288000000,1.6487,False,9,-2.0004,stop,9
AEROUSDT,1791262799999,0.8431,target,1.8,loss,1791291600000,0.8383,-0.7693,2.0638,9,False,loss,-0.5321,1791284400000,2.0638,True,7,1.8,target,6
ALGOUSDT,1791262799999,0.1278,stop,-2.223924,loss,1791277200000,0.1259,-1.6867,0.939,5,False,loss,-2.2239,1791295200000,0.939,False,10,-2.5474,stop,10
BNBUSDT,1791262799999,781.34,stop,-0.443309,loss,1791309600000,780.85,-0.2627,0.7078,14,False,loss,-0.4433,1791266400000,0.2201,False,2,-0.4816,stop,2
DOTUSDT,1791262799999,1.228,stop,-1.764742,loss,1791291600000,1.21,-1.6658,1.6287,9,False,loss,-1.7647,1791298800000,1.6287,False,11,-2.3173,stop,11
FETUSDT,1791262799999,0.2524,stop,-2.173323,loss,1791298800000,0.2453,-3.013,0.9113,11,False,loss,-2.1733,1791291600000,0.9113,False,9,-2.181,stop,9
GALAUSDT,1791262799999,0.002418,target,1.8,win,1791316800000,0.002427,0.1722,3.8462,16,False,win,0.1722,1791316800000,3.8462,True,16,1.8,target,6
ONTUSDT,1791262799999,0.06019,stop,-1.144487,loss,1791298800000,0.06029,-0.0339,1.9438,11,False,loss,-1.1445,1791334800000,1.9438,False,21,-1.5624,stop,21
NVDABUSDT,1791262799999,239.52,stop,-0.384508,win,1791298800000,241.59,0.6642,1.599,11,False,loss,-0.3845,1791363600000,1.599,False,29,-0.4046,stop,29
PYTHUSDT,1791262799999,0.07767,target,1.8,win,1791298800000,0.07787,0.0575,4.0299,11,False,win,0.0575,1791298800000,4.0299,True,11,1.8,target,4
THETAUSDT,1791262799999,0.2309,target,1.8,win,1791288000000,0.2391,3.3513,6.453,8,False,win,3.3513,1791288000000,6.453,True,8,1.8,target,3
ADAUSDT,1791266399999,0.2685,target,1.8,win,1791298800000,0.2715,0.9173,5.1769,10,False,win,0.9173,1791298800000,5.1769,True,10,1.8,target,2
ARUSDT,1791266399999,4.506,target,1.8,win,1791302400000,4.59,1.6642,5.3706,11,False,win,1.6642,1791302400000,5.3706,True,11,1.8,target,4
WOOUSDT,1791262799999,0.01366,target,1.8,win,1791309600000,0.01372,0.2392,3.4407,14,False,win,0.2392,1791309600000,3.4407,True,14,1.8,target,12
ASTERUSDT,1791266399999,0.7425,stop,-1.874582,loss,1791313200000,0.7394,-0.6175,1.8182,14,False,loss,-1.8746,1791334800000,1.8182,False,20,-3.7017,stop,20
AXLUSDT,1791266399999,0.0539,target,1.8,loss,1791302400000,0.0538,-0.3855,2.0408,11,False,loss,-0.3855,1791302400000,2.0408,True,11,1.8,target,6
BIOUSDT,1791266399999,0.03136,target,1.8,win,1791298800000,0.03182,1.2668,5.102,10,False,win,1.2668,1791298800000,5.102,True,10,1.8,target,4
ENJUSDT,1791266399999,0.03299,target,1.8,loss,1791334800000,0.03278,-0.8366,2.4856,20,False,loss,-8.2934,1791338400000,2.4856,True,21,1.8,target,20
FLOKIUSDT,1791266399999,2.869e-05,target,1.8,win,1791298800000,2.903e-05,0.9851,5.6117,10,False,win,0.9851,1791298800000,5.6117,True,10,1.8,target,6
GRTUSDT,1791266399999,0.02911,target,1.8,loss,1791298800000,0.02902,-0.5092,2.3703,10,False,loss,-0.5092,1791298800000,2.3703,True,10,1.8,target,2
MASKUSDT,1791266399999,0.488,target,1.8,loss,1791298800000,0.487,-0.4049,2.459,10,False,loss,-0.4049,1791298800000,2.459,True,10,1.8,target,6
MEGAUSDT,1791266399999,0.04792,stop,-1.375528,loss,1791302400000,0.04673,-2.6833,0.9182,11,False,loss,-1.3755,1791288000000,0.9182,False,7,-2.1616,stop,7
OGUSDT,1791266399999,2.86,stop,-2.143684,loss,1791266400000,2.841,-0.8643,0.8741,1,False,loss,-2.1437,1791338400000,1.7483,False,21,-2.9273,stop,21
SHIBUSDT,1791266399999,5.84e-06,stop,-1.053504,loss,1791309600000,5.8e-06,-0.8849,1.3699,13,False,loss,-1.0535,1791313200000,1.3699,False,14,-1.3986,stop,14
SYRUPUSDT,1791266399999,0.247,target,1.8,win,1791298800000,0.2476,0.0429,2.915,10,False,win,0.0429,1791298800000,2.915,True,10,1.8,target,4
DODOUSDT,1791269999999,0.01877,target,1.8,loss,1791309600000,0.01874,-0.3598,2.6105,12,False,loss,-0.3598,1791309600000,2.6105,True,12,1.8,target,8
DYDXUSDT,1791269999999,0.14637,stop,-1.771284,loss,1791309600000,0.14413,-1.7304,1.5987,12,False,loss,-1.7713,1791313200000,1.5987,False,13,-2.2428,stop,13
FIDAUSDT,1791269999999,0.02177,target,1.8,win,1791298800000,0.02192,0.489,2.848,9,False,win,0.489,1791298800000,2.848,True,9,1.8,target,4
MAGICUSDT,1791269999999,0.0615,target,1.8,win,1791338400000,0.0698,13.2959,21.626,20,False,win,13.2959,1791338400000,21.626,True,20,1.8,target,5
OPNUSDT,1791269999999,0.0569,target,1.8,loss,1791302400000,0.057,-0.0243,3.6907,10,False,loss,-0.0243,1791302400000,3.6907,True,10,1.8,target,8
SKLUSDT,1791269999999,0.00483,stop,-1.972645,loss,1791334800000,0.00467,-3.5126,1.0352,19,False,loss,-1.9726,1791334800000,1.0352,False,19,-3.5126,stop,19
SUPERUSDT,1791269999999,0.2401,stop,-1.698467,loss,1791295200000,0.2405,-0.0334,3.4569,8,False,loss,-1.6985,1791277200000,0.3332,False,3,-2.2408,stop,3
XAIUSDT,1791269999999,0.00996,stop,-2.092816,loss,1791298800000,0.00985,-1.3044,1.8072,9,False,loss,-2.0928,1791309600000,1.8072,False,12,-2.6096,stop,12
BNSOLUSDT,1791277199999,136.5,stop,-1.333848,loss,1791334800000,134.8,-1.4454,1.1722,17,False,loss,-1.3338,1791334800000,1.1722,False,17,-1.4454,stop,17
APEUSDT,1791277199999,0.1612,stop,-2.361539,loss,1791309600000,0.1585,-1.8749,0.6203,10,False,loss,-2.3615,1791313200000,0.6203,False,11,-2.7434,stop,11
BTCUSDT,1791277199999,86026.89,stop,-1.314058,loss,1791298800000,85720.65,-0.556,0.7813,7,False,loss,-1.3141,1791334800000,0.7813,False,17,-2.101,stop,17
DOGEUSDT,1791277199999,0.09493,stop,-1.227925,loss,1791306000000,0.09476,-0.3791,1.538,9,False,loss,-1.2279,1791313200000,1.538,False,11,-1.3693,stop,11
COINBUSDT,1791277199999,189.16,stop,-1.486089,loss,1791298800000,188.98,-0.2952,1.8873,7,False,loss,-1.4861,1791309600000,1.8873,False,10,-2.0186,stop,10
CHIPUSDT,1791277199999,0.05347,stop,-2.330577,loss,1791288000000,0.05129,-4.2771,0.7855,4,False,loss,-2.3306,1791288000000,0.7855,False,4,-4.2771,stop,4
ETHUSDT,1791277199999,2716.85,stop,-1.256476,loss,1791302400000,2695.58,-0.9829,0.3048,8,False,loss,-1.2565,1791334800000,0.3048,False,17,-2.3816,stop,17
IOUSDT,1791277199999,0.1695,target,1.8,loss,1791334800000,0.1674,-1.4389,3.9528,17,False,loss,-1.4389,1791334800000,3.9528,True,17,1.8,target,3
JTOUSDT,1791277199999,0.571,target,1.8,loss,1791302400000,0.5674,-0.8305,4.028,8,False,loss,-0.8305,1791302400000,4.028,True,8,1.8,target,5
MORPHOUSDT,1791277199999,2.717,stop,-2.022178,loss,1791302400000,2.685,-1.3778,1.325,8,False,loss,-2.0222,1791334800000,1.325,False,17,-4.0278,stop,17
MSTRBUSDT,1791277199999,165.48,stop,-1.722958,loss,1791298800000,165.33,-0.2906,1.9459,7,False,loss,-1.723,1791334800000,1.9459,False,17,-2.2244,stop,17
SCRUSDT,1791277199999,0.02676,target,1.8,loss,1791313200000,0.02677,-0.1626,6.6517,11,False,loss,-0.1626,1791313200000,6.6517,True,11,1.8,target,2
SCUSDT,1791277199999,0.001081,target,1.8,loss,1791291600000,0.001067,-1.4951,3.0527,5,False,loss,-0.9401,1791284400000,3.0527,True,3,1.8,target,1
SEIUSDT,1791277199999,0.07395,stop,-1.698223,loss,1791302400000,0.07246,-2.2149,0.3381,8,False,loss,-1.6982,1791298800000,0.3381,False,7,-1.985,stop,7
STXUSDT,1791277199999,0.3786,target,1.8,loss,1791298800000,0.3757,-0.966,1.6376,7,False,loss,-0.4113,1791334800000,3.3281,True,17,1.8,target,15
SUIUSDT,1791277199999,1.2027,stop,-2.19562,loss,1791324000000,1.18,-2.0874,0.3243,14,False,loss,-2.1956,1791327600000,0.3243,False,15,-2.2454,stop,15
VIRTUALUSDT,1791277199999,0.8468,stop,-1.715257,loss,1791298800000,0.8339,-1.7234,0.9565,7,False,loss,-1.7153,1791298800000,0.9565,False,7,-1.7234,stop,7
TAOUSDT,1791277199999,304.4,stop,-2.554972,loss,1791302400000,301.9,-1.0213,1.544,8,False,loss,-2.555,1791338400000,1.7411,False,18,-4.1422,stop,18
WLDUSDT,1791277199999,0.5629,stop,-1.793179,loss,1791302400000,0.5494,-2.5983,1.3679,8,False,loss,-1.7932,1791302400000,1.3679,False,8,-2.5983,stop,8
BNBUSDT,1791280799999,783.18,stop,-0.930903,loss,1791309600000,780.85,-0.4975,0.4712,9,False,loss,-0.9309,1791334800000,0.4712,False,16,-1.8267,stop,16
ZAMAUSDT,1791277199999,0.08305,target,1.8,loss,1791334800000,0.08198,-1.4884,2.3961,17,False,loss,-0.3084,1791295200000,2.3961,True,6,1.8,target,5
PUMPUSDT,1791280799999,0.006342,stop,-2.116383,loss,1791302400000,0.006148,-3.259,1.2772,7,False,loss,-2.1164,1791291600000,1.1826,False,4,-2.3129,stop,4
NEXOUSDT,1791280799999,0.857,stop,-1.776827,loss,1791334800000,0.843,-1.8336,0.4667,16,False,loss,-1.7768,1791334800000,0.4667,False,16,-1.8336,stop,16
RUNEUSDT,1791280799999,0.771,stop,-1.297789,loss,1791316800000,0.763,-1.2376,0.6485,11,False,loss,-1.2978,1791320400000,0.6485,False,12,-1.497,stop,12
STRKUSDT,1791280799999,0.05247,stop,-2.429451,loss,1791309600000,0.0508,-3.3828,0.5336,9,False,loss,-2.4295,1791306000000,0.5336,False,8,-2.7538,stop,8
1INCHUSDT,1791287999999,0.1052,stop,-1.435943,loss,1791313200000,0.1033,-2.0061,0.1901,8,False,loss,-1.4359,1791298800000,0.1901,False,4,-1.6259,stop,4
AAVEUSDT,1791287999999,182.89,stop,-2.538474,loss,1791302400000,179.85,-1.8622,1.2631,5,False,loss,-2.5385,1791334800000,1.2631,False,14,-4.7273,stop,14
MVLLBUSDT,1791287999999,38.06,target,1.8,win,1791291600000,43.45,13.9618,20.7042,2,False,win,11.7811,1791295200000,20.7042,True,3,1.8,target,2
QNTUSDT,1791287999999,254.81,target,1.8,win,1791338400000,255.89,0.2238,6.0162,15,False,win,0.2238,1791338400000,6.0162,True,15,1.8,target,3
TSMBUSDT,1791287999999,486.02,stop,-0.643267,loss,1791313200000,482.83,-0.8564,0.0946,8,False,loss,-0.6433,1791313200000,0.0946,False,8,-0.8564,stop,8
AUDIOUSDT,1791291599999,0.01687,stop,-1.925433,loss,1791313200000,0.01654,-2.1561,0.0593,7,False,loss,-1.9254,1791313200000,0.0593,False,7,-2.1561,stop,7
TSTUSDT,1791295199999,0.01823,stop,-1.351773,loss,1791334800000,0.01791,-1.9553,1.3165,12,False,loss,-1.3518,1791313200000,1.3165,False,6,-1.5165,stop,6
BREVUSDT,1791298799999,0.0926,target,1.8,loss,1791334800000,0.0896,-3.4397,2.4838,11,False,loss,-0.308,1791306000000,2.4838,True,3,1.8,target,2
GRAMUSDT,1791298799999,1.561,stop,-0.948152,loss,1791309600000,1.535,-1.8656,0.1281,4,False,loss,-0.9482,1791302400000,0.1281,False,2,-1.6734,stop,2
CRCLBUSDT,1791302399999,84.73,stop,-2.010694,loss,1791334800000,83.11,-2.112,0.3187,10,False,loss,-2.0107,1791334800000,0.3187,False,10,-2.112,stop,10
SPCXBUSDT,1791302399999,173.85,stop,-1.884515,loss,1791324000000,170.37,-2.2017,0.2358,7,False,loss,-1.8845,1791324000000,0.2358,False,7,-2.2017,stop,7
ALPINEUSDT,1791305999999,0.373,target,1.8,loss,1791320400000,0.371,-0.7362,2.681,5,False,loss,-0.7362,1791316800000,2.681,True,4,1.8,target,3
BIOUSDT,1791305999999,0.03197,stop,-2.484858,loss,1791334800000,0.03018,-5.799,1.3137,9,False,loss,-2.4849,1791334800000,1.3137,False,9,-5.799,stop,9
EULUSDT,1791305999999,1.487,target,1.8,win,1791331200000,1.497,0.4725,4.1022,8,False,win,0.4725,1791331200000,4.1022,True,8,1.8,target,7
FILUSDT,1791305999999,1.1565,stop,-1.538801,loss,1791334800000,1.1184,-3.4944,1.6256,9,False,loss,-1.5388,1791334800000,1.6256,False,9,-3.4944,stop,9
HAEDALUSDT,1791305999999,0.02003,target,1.8,loss,1791334800000,0.01982,-1.2484,2.1468,9,False,loss,-1.2484,1791334800000,2.1468,True,9,1.8,target,6
GALAUSDT,1791305999999,0.002477,stop,-2.066741,loss,1791320400000,0.002423,-2.3801,0.6056,5,False,loss,-2.0667,1791316800000,0.6056,False,4,-2.2186,stop,4
MANAUSDT,1791305999999,0.102,target,1.8,loss,1791334800000,0.1015,-0.6902,2.1569,9,False,loss,-3.1412,1791338400000,2.1569,True,10,1.8,target,9
ORDIUSDT,1791305999999,4.635,stop,-1.181108,loss,1791334800000,4.424,-4.7523,0.8846,9,False,loss,-1.1811,1791313200000,0.8846,False,3,-1.3219,stop,3
SIGNUSDT,1791305999999,0.01274,stop,-0.996885,loss,1791334800000,0.01236,-3.1827,0.157,9,False,loss,-0.9969,1791313200000,0.157,False,3,-1.6129,stop,3
WALUSDT,1791305999999,0.0371,target,1.8,loss,1791345600000,0.0363,-2.3563,2.4259,12,False,loss,-2.3563,1791345600000,2.4259,True,12,1.8,target,11
GMXUSDT,1791309599999,8.81,stop,-1.634004,loss,1791334800000,8.5,-3.7187,0.1135,8,False,loss,-1.634,1791334800000,0.1135,False,8,-3.7187,stop,8
ZBTUSDT,1791305999999,0.0885,stop,-0.71775,loss,1791334800000,0.0868,-2.1209,1.8079,9,False,loss,-0.7177,1791334800000,1.8079,False,9,-2.1209,stop,9
WUSDT,1791305999999,0.01455,stop,-1.523212,loss,1791334800000,0.01432,-1.7808,1.9244,9,False,loss,-1.5232,1791334800000,1.9244,False,9,-1.7808,stop,9
ATOMUSDT,1791313199999,1.789,stop,-0.657059,loss,1791334800000,1.742,-2.8272,0.1677,7,False,loss,-0.6571,1791334800000,0.1677,False,7,-2.8272,stop,7
BERAUSDT,1791313199999,0.2361,stop,-1.29246,loss,1791334800000,0.2303,-2.6566,0.9318,7,False,loss,-1.2925,1791334800000,0.9318,False,7,-2.6566,stop,7
COHRBUSDT,1791313199999,335.71,stop,-1.569526,loss,1791338400000,334.05,-0.6945,1.0277,8,False,loss,-1.5695,1791360000000,1.0277,False,14,-1.6656,stop,14
DOTUSDT,1791313199999,1.221,stop,-2.260114,loss,1791334800000,1.159,-5.2778,0.0,7,False,loss,-2.2601,1791334800000,0.0,False,7,-5.2778,stop,7
LUMIAUSDT,1791313199999,0.0927,target,1.8,loss,1791338400000,0.0924,-0.5236,3.3441,8,False,loss,-0.5236,1791338400000,3.3441,True,8,1.8,target,5
0GUSDT,1791316799999,0.3189,stop,-2.249312,loss,1791334800000,0.3089,-3.3358,1.0975,6,False,loss,-2.2493,1791334800000,1.0975,False,6,-3.3358,stop,6
SYRUPUSDT,1791313199999,0.2519,stop,-2.270281,loss,1791334800000,0.2434,-3.5744,0.1191,7,False,loss,-2.2703,1791334800000,0.1191,False,7,-3.5744,stop,7
AGPUBUSDT,1791316799999,12.26,stop,-1.816921,loss,1791367200000,12.16,-1.0157,1.4682,15,False,loss,-1.8169,1791378000000,1.4682,False,18,-6.97,stop,18
AIGENSYNUSDT,1791316799999,0.02173,target,1.8,loss,1791334800000,0.02117,-2.7771,2.439,6,False,loss,-2.7771,1791334800000,2.439,True,6,1.8,target,1
ASRUSDT,1791316799999,0.884,stop,-0.925452,loss,1791345600000,0.869,-1.8968,1.5837,9,False,loss,-0.9255,1791338400000,1.5837,False,7,-1.2181,stop,7
AUCTIONUSDT,1791316799999,3.855,target,1.8,win,1791331200000,3.868,0.1372,2.6459,5,False,win,0.1372,1791331200000,2.6459,True,5,1.8,target,3
FLOKIUSDT,1791316799999,2.914e-05,stop,-1.645977,loss,1791334800000,2.805e-05,-3.9406,0.0686,6,False,loss,-1.646,1791324000000,0.0686,False,3,-1.8472,stop,3
FLOWUSDT,1791316799999,0.03348,stop,-2.589921,loss,1791334800000,0.03279,-2.2609,1.9713,6,False,loss,-2.5899,1791338400000,1.9713,False,7,-4.6504,stop,7
GRTUSDT,1791316799999,0.02916,stop,-1.575012,loss,1791334800000,0.02821,-3.4579,1.2003,6,False,loss,-1.575,1791334800000,1.2003,False,6,-3.4579,stop,6
HYPEUSDT,1791316799999,92.04,stop,-1.10264,loss,1791334800000,90.42,-1.9601,0.3694,6,False,loss,-1.1026,1791334800000,0.3694,False,6,-1.9601,stop,6
INJUSDT,1791316799999,7.864,target,1.8,win,1791331200000,7.959,1.008,5.8749,5,False,win,1.008,1791331200000,5.8749,True,5,1.8,target,1
JUVUSDT,1791316799999,0.331,stop,-1.944652,loss,1791352800000,0.324,-2.3148,0.3021,11,False,loss,-1.9447,1791352800000,0.3021,False,11,-2.3148,stop,11
NEARUSDT,1791316799999,5.125,stop,-2.482183,loss,1791338400000,4.976,-3.1073,1.2293,7,False,loss,-2.4822,1791338400000,1.2293,False,7,-3.1073,stop,7
PLUMEUSDT,1791316799999,0.01882,target,1.8,loss,1791338400000,0.01841,-2.3785,2.5505,7,False,loss,-0.3594,1791334800000,2.5505,True,6,1.8,target,3
PORTOUSDT,1791316799999,0.466,stop,-2.458569,loss,1791334800000,0.451,-3.4189,0.2146,6,False,loss,-2.4586,1791334800000,0.2146,False,6,-3.4189,stop,6
BEAMXUSDT,1791320399999,0.002491,stop,-1.069164,loss,1791345600000,0.002423,-2.9298,1.6459,8,False,loss,-1.0692,1791334800000,1.6459,False,5,-1.7656,stop,5
TIAUSDT,1791316799999,0.48,target,1.8,loss,1791334800000,0.469,-2.4917,2.9167,6,False,loss,-2.4917,1791334800000,2.9167,True,6,1.8,target,3
CTSIUSDT,1791320399999,0.03117,stop,-1.739164,loss,1791338400000,0.02994,-4.1461,1.4758,6,False,loss,-1.7392,1791338400000,1.4758,False,6,-4.1461,stop,6
MAGICUSDT,1791320399999,0.0672,target,1.8,win,1791338400000,0.0698,3.669,11.3095,6,False,win,3.669,1791338400000,11.3095,True,6,1.8,target,1
DODOUSDT,1791320399999,0.01874,stop,-1.146751,loss,1791338400000,0.01833,-2.3878,0.4803,6,False,loss,-1.1468,1791338400000,0.4803,False,6,-2.3878,stop,6
MUBARAKUSDT,1791320399999,0.07587,target,1.8,loss,1791381600000,0.07444,-2.0848,3.1501,18,False,loss,-0.345,1791374400000,3.1501,True,16,1.8,target,12
PSGUSDT,1791320399999,0.464,stop,-1.17771,win,1791360000000,0.466,0.231,3.2328,12,False,loss,-1.1777,1791338400000,0.0,False,6,-1.4931,stop,6
STRKUSDT,1791320399999,0.05139,stop,-1.949099,loss,1791363600000,0.04977,-3.3524,1.7319,13,False,loss,-1.9491,1791363600000,1.7319,False,13,-3.3524,stop,13
ACEUSDT,1791323999999,0.1966,stop,-1.29864,loss,1791352800000,0.1854,-5.8968,1.7294,9,False,loss,-1.2986,1791338400000,0.0,False,5,-2.3363,stop,5
AVAXUSDT,1791323999999,11.546,stop,-2.183952,loss,1791334800000,11.338,-2.0015,1.5936,4,False,loss,-2.184,1791338400000,1.5936,False,5,-4.9202,stop,5
AXSUSDT,1791323999999,1.246,stop,-0.834342,loss,1791334800000,1.219,-2.3669,1.4446,4,False,loss,-0.8343,1791334800000,1.4446,False,4,-2.3669,stop,4
BANDUSDT,1791323999999,0.2404,stop,-1.289936,loss,1791338400000,0.2301,-4.4845,1.9551,5,False,loss,-1.2899,1791334800000,1.9551,False,4,-1.8639,stop,4
BREVUSDT,1791323999999,0.093,stop,-2.258145,loss,1791338400000,0.0881,-5.4688,0.1075,5,False,loss,-2.2581,1791334800000,0.1075,False,4,-3.8559,stop,4
CYBERUSDT,1791323999999,0.335,stop,-2.076157,loss,1791334800000,0.324,-3.4836,1.194,4,False,loss,-2.0762,1791334800000,1.194,False,4,-3.4836,stop,4
GIGGLEUSDT,1791323999999,38.33,stop,-1.290986,loss,1791334800000,36.49,-5.0004,0.2609,4,False,loss,-1.291,1791334800000,0.2609,False,4,-5.0004,stop,4
SOXLBUSDT,1791323999999,164.7,stop,-1.235248,loss,1791360000000,160.56,-2.7137,0.5464,11,False,loss,-1.2352,1791338400000,0.5464,False,5,-1.5722,stop,5
QQQBUSDT,1791323999999,760.37,stop,-0.341232,loss,1791360000000,758.31,-0.4709,0.0316,11,False,loss,-0.3412,1791338400000,0.0316,False,5,-0.3499,stop,5
SUSDT,1791323999999,0.04373,stop,-2.445345,loss,1791334800000,0.0423,-3.4701,0.686,4,False,loss,-2.4453,1791334800000,0.686,False,4,-3.4701,stop,4
UMAUSDT,1791323999999,0.433,stop,-2.284472,loss,1791345600000,0.409,-5.7427,0.6928,7,False,loss,-2.2845,1791334800000,0.6928,False,4,-3.2023,stop,4
WLFIUSDT,1791323999999,0.0564,stop,-1.599912,loss,1791334800000,0.0556,-1.6184,0.1773,4,False,loss,-1.5999,1791334800000,0.1773,False,4,-1.6184,stop,4
BMTUSDT,1791327599999,0.01952,stop,-1.173113,loss,1791334800000,0.01914,-2.1467,0.8709,3,False,loss,-1.1731,1791334800000,0.8709,False,3,-2.1467,stop,3
DIAUSDT,1791327599999,0.1731,stop,-2.229155,loss,1791345600000,0.1656,-4.5328,1.0399,6,False,loss,-2.2292,1791338400000,1.0399,False,4,-2.7997,stop,4
ESPUSDT,1791327599999,0.11749,target,1.8,loss,1791338400000,0.11568,-1.7406,4.6387,4,False,loss,-1.7406,1791338400000,4.6387,True,4,1.8,target,2
IOUSDT,1791327599999,0.1731,stop,-2.133664,loss,1791334800000,0.1674,-3.4929,0.5199,3,False,loss,-2.1337,1791334800000,0.5199,False,3,-3.4929,stop,3
OGNUSDT,1791327599999,0.022,stop,-2.335618,loss,1791352800000,0.02106,-4.4727,0.9545,8,False,loss,-2.3356,1791338400000,0.9545,False,4,-2.6091,stop,4
RONINUSDT,1791327599999,0.0689,stop,-2.328331,loss,1791334800000,0.0667,-3.393,1.4514,3,False,loss,-2.3283,1791334800000,1.4514,False,3,-3.393,stop,3
SENTUSDT,1791327599999,0.02567,stop,-1.895024,loss,1791345600000,0.02509,-2.4594,1.7141,6,False,loss,-1.895,1791342000000,1.7141,False,5,-2.1088,stop,5
JSTUSDT,1791331199999,0.14113,stop,-1.364993,loss,1791363600000,0.13994,-1.0432,0.4464,10,False,loss,-1.365,1791374400000,0.4464,False,13,-1.4542,stop,13
LPTUSDT,1791331199999,1.813,target,1.8,loss,1791331200000,1.806,-0.5861,4.9641,1,False,loss,-4.3919,1791334800000,4.9641,True,2,1.8,target,1
PUMPUSDT,1791331199999,0.006184,target,1.8,win,1791374400000,0.006323,2.0477,7.8266,13,False,win,2.0477,1791374400000,7.8266,True,13,1.8,target,3
RENDERUSDT,1791331199999,2.141,target,1.8,loss,1791338400000,2.063,-3.8432,2.0551,3,False,loss,-0.9473,1791334800000,2.0551,True,2,1.8,target,1
MITOUSDT,1791331199999,0.01647,stop,-1.594191,loss,1791334800000,0.01603,-2.8715,0.425,2,False,loss,-1.5942,1791334800000,0.425,False,2,-2.8715,stop,2
METISUSDT,1791334799999,3.48,stop,-2.491807,loss,1791338400000,3.33,-4.5103,0.2874,2,False,loss,-2.4918,1791338400000,0.2874,False,2,-4.5103,stop,2
FDUSDUSDT,1791345599999,0.9991,stop,-0.234076,loss,1791363600000,0.9988,-0.23,0.02,6,False,loss,-0.2341,1791378000000,0.02,False,10,-0.25,stop,10
AVGOBUSDT,1791349199999,376.35,stop,-0.760278,loss,1791360000000,373.55,-0.944,0.4676,4,False,loss,-0.7603,1791360000000,0.4676,False,4,-0.944,stop,4
CRWVBUSDT,1791349199999,91.54,stop,-1.06271,loss,1791363600000,89.9,-1.9916,0.0,5,False,loss,-1.0627,1791360000000,0.0,False,4,-1.3033,stop,4
TSLABUSDT,1791349199999,378.56,stop,-0.394849,loss,1791363600000,377.29,-0.5355,0.214,5,False,loss,-0.3948,1791363600000,0.214,False,5,-0.5355,stop,5
KAIAUSDT,1791349199999,0.0387,stop,-2.592968,loss,1791363600000,0.0378,-2.5256,0.7752,5,False,loss,-2.593,1791370800000,0.7752,False,7,-2.784,stop,7
ESPUSDT,1791352799999,0.11443,target,1.8,loss,1791381600000,0.11189,-2.4197,2.4032,9,False,loss,-0.2787,1791363600000,2.4032,True,4,1.8,target,3
API3USDT,1791359999999,0.3225,stop,-2.317223,loss,1791381600000,0.3058,-5.3783,1.9845,7,False,loss,-2.3172,1791370800000,1.9845,False,4,-4.262,stop,4
MSFTBUSDT,1791363599999,531.56,stop,-0.656717,loss,1791367200000,527.27,-1.0071,0.1148,2,False,loss,-0.6567,1791367200000,0.1148,False,2,-1.0071,stop,2
NFLXBUSDT,1791363599999,69.54,stop,-1.076918,loss,1791367200000,69.14,-0.7752,0.0863,2,False,loss,-1.0769,1791370800000,0.0863,False,3,-1.1635,stop,3
SPCXBUSDT,1791388799999,169.63,stop,-1.590668,loss,1791392400000,166.44,-2.0806,0.0295,2,False,loss,-1.5907,1791392400000,0.0295,False,2,-2.0806,stop,2
PSGUSDT,1791363599999,0.466,target,1.8,loss,1791367200000,0.465,-0.4146,2.5751,2,False,loss,-0.4146,1791367200000,2.5751,True,2,1.8,target,1
